Season,Team,Level,GP,GS,Record,Cmp,Att,Pct,Yds,Y/A,Y/G,Lng,TD,Int,Rtg,Att_rush,Yds_rush,Y/A_rush,Lng_rush,TD_rush,Sck,SckY,Fum,Lost
2018,BUF,Regular,12,11,5–6,169,320,52.8,2074,6.5,172.8,75,10,12,67.9,89,631,7.1,45,8,28,213,8,2
2019,BUF,Regular,16,16,10–6,271,461,58.8,3089,6.7,193.1,53,20,9,85.3,109,510,4.7,36,9,38,237,14,4
2020,BUF,Regular,16,16,13–3,396,572,69.2,4544,7.9,284,55,37,10,107.2,102,421,4.1,24,8,26,159,9,6
2021,BUF,Regular,17,17,11–6,409,646,63.3,4407,6.8,259.2,61,36,15,92.2,122,763,6.3,34,6,26,164,8,3
2022,BUF,Regular,16,16,13–3,359,567,63.3,4283,7.6,267.7,98T,35,14,96.6,124,762,6.1,44,7,33,162,13,5
2023,BUF,Regular,17,17,11–6,385,579,66.5,4306,7.4,253.3,81,29,18,92.2,111,524,4.7,23,15,24,152,7,4
2024,BUF,Regular,17,17,13–4,307,483,63.6,3731,7.7,219.5,64,28,6,101.4,102,531,5.2,30,12,14,63,5,2
2019,BUF,Postseason,1,1,0–1,24,46,52.2,264,5.7,38,0,0,69.5,9,92,10.2,42,0,3,27,2,1
2020,BUF,Postseason,3,3,2–1,77,120,64.2,817,6.8,37,5,1,94.3,25,145,5.8,18,1,8,94,2,0
2021,BUF,Postseason,2,2,1–1,48,62,77.4,637,10.3,75,9,0,149,17,134,7.9,26,0,2,16,1,0
2022,BUF,Postseason,2,2,1–1,48,81,59.3,616,7.6,52,3,3,80.1,12,46,3.8,12,1,8,39,3,1
2023,BUF,Postseason,2,2,1–1,47,69,68.1,389,5.6,34,4,0,101.7,20,146,7.3,52,3,2,14,1,0
2024,BUF,Postseason,3,3,2–1,58,82,70.7,636,7.8,55,4,0,109.6,29,105,3.6,13,2,5,22,3,0
